000a
000e
0000
0000
0000
0000
0000
0000
0000
0000
0000
0000
0000
0000
0000
0000
0000
0000
0000
0000
0000
0000
0000
0000
0000
0000
0000
0000
0000
0000
0000
0000
378d
d55a
5202
1fe0
466e
acb9
f244
56a8
8873
4d38
0bfc
a508
1dcc
6b13
8149
63d4
baf3
6a92
d86f
04e5
a762
0c9e
f929
ffa5
a121
c721
8414
96ed
9c17
e9bc
9d46
f67b
3c17
e86a
d9e1
c7f3
f62a
45f8
a9c0
23ef
cc3f
f372
9349
0dfd
3fce
c055
8a16
1f43
0000
0000
0000
0000
0000
0000
0000
0000
0000
0000
0000
0000
0000
0000
0000
0000
0000
0000
0000
0000
0000
0000
0000
0000
0000
0000
0000
0000
0000
0000
0000
0000
0000
0000
0000
0000
0000
0000
0000
0000
0000
0000
0000
0000
0000
0000
0000
0000
0079
00b5
00b5
00b5
0079
3500
3500
3500
00b5
eeee
6fa5
f1c5
8743
00b5
ff90
3500
2cad
e362
2cad
f563
00b5
3500
3500
6f15
0079
11b5
ce01
9353
1554
00b5
ff90
0000
0000
0000
0000
0000
0000
0000
0000
0000
0000
0000
0000
0000
0000
0000
0000
0000
0000
0000
0000
0000
0000
0000
0000
0000
0000
0000
0000
0000
0000
0000
0000
0000
0000
0000
0000
0000
0000
0000
0000
0000
0000
0000
0000
0000
0000
0000
0000
0000
0000
0000
0000
0000
0000
0000
0000
0000
0000
0000
0000
0000
0000
0000
0000
0000
0000
0000
0000
0000
0000
0000
0000
0000
0000
0000
0000
0000
0000
0000
0000
0000
0000
0000
0000
0000
0000
0000
0000
0000
0000
0000
0000
0000
0000
0000
0000
0000